{
 "cells": [
  {
   "cell_type": "code",
   "execution_count": 2,
   "metadata": {},
   "outputs": [
    {
     "data": {
      "text/plain": [
       "a  1    0.337429\n",
       "   2    0.507967\n",
       "   3    0.772346\n",
       "b  1   -0.229965\n",
       "   2   -0.169383\n",
       "c  3    0.117482\n",
       "   1   -0.110471\n",
       "d  2    0.014511\n",
       "   3   -0.480595\n",
       "dtype: float64"
      ]
     },
     "execution_count": 2,
     "metadata": {},
     "output_type": "execute_result"
    }
   ],
   "source": [
    "import numpy as np\n",
    "import pandas as pd\n",
    "\n",
    "s1 = pd.Series(np.random.randn(9),\n",
    "    index=[['a', 'a', 'a', 'b', 'b', 'c', 'c', 'd', 'd'],\n",
    "                 [1, 2, 3, 1, 2, 3, 1, 2, 3]])\n",
    "\n",
    "s1"
   ]
  },
  {
   "cell_type": "code",
   "execution_count": 5,
   "metadata": {},
   "outputs": [
    {
     "data": {
      "text/plain": [
       "key1  key2\n",
       "a     1       0.491719\n",
       "      2       1.506579\n",
       "      3       1.124372\n",
       "b     1      -0.331007\n",
       "      2       1.218174\n",
       "c     3      -0.295337\n",
       "      1       0.591540\n",
       "d     2       0.537636\n",
       "      3      -0.054230\n",
       "dtype: float64"
      ]
     },
     "execution_count": 5,
     "metadata": {},
     "output_type": "execute_result"
    }
   ],
   "source": [
    "s2 = pd.Series(np.random.randn(9),\n",
    "               index = pd.MultiIndex.from_arrays([\n",
    "                   ['a', 'a', 'a', 'b', 'b', 'c', 'c', 'd', 'd'],\n",
    "                   [1, 2, 3, 1, 2, 3, 1, 2, 3]],\n",
    "                   names = [\"key1\", \"key2\"]))\n",
    "s2"
   ]
  },
  {
   "cell_type": "code",
   "execution_count": 10,
   "metadata": {},
   "outputs": [
    {
     "data": {
      "text/html": [
       "<div>\n",
       "<style scoped>\n",
       "    .dataframe tbody tr th:only-of-type {\n",
       "        vertical-align: middle;\n",
       "    }\n",
       "\n",
       "    .dataframe tbody tr th {\n",
       "        vertical-align: top;\n",
       "    }\n",
       "\n",
       "    .dataframe thead th {\n",
       "        text-align: right;\n",
       "    }\n",
       "</style>\n",
       "<table border=\"1\" class=\"dataframe\">\n",
       "  <thead>\n",
       "    <tr style=\"text-align: right;\">\n",
       "      <th>key2</th>\n",
       "      <th>1</th>\n",
       "      <th>2</th>\n",
       "      <th>3</th>\n",
       "    </tr>\n",
       "    <tr>\n",
       "      <th>key1</th>\n",
       "      <th></th>\n",
       "      <th></th>\n",
       "      <th></th>\n",
       "    </tr>\n",
       "  </thead>\n",
       "  <tbody>\n",
       "    <tr>\n",
       "      <th>a</th>\n",
       "      <td>0.491719</td>\n",
       "      <td>1.506579</td>\n",
       "      <td>1.124372</td>\n",
       "    </tr>\n",
       "    <tr>\n",
       "      <th>b</th>\n",
       "      <td>-0.331007</td>\n",
       "      <td>1.218174</td>\n",
       "      <td>0.000000</td>\n",
       "    </tr>\n",
       "    <tr>\n",
       "      <th>c</th>\n",
       "      <td>0.591540</td>\n",
       "      <td>0.000000</td>\n",
       "      <td>-0.295337</td>\n",
       "    </tr>\n",
       "    <tr>\n",
       "      <th>d</th>\n",
       "      <td>0.000000</td>\n",
       "      <td>0.537636</td>\n",
       "      <td>-0.054230</td>\n",
       "    </tr>\n",
       "  </tbody>\n",
       "</table>\n",
       "</div>"
      ],
      "text/plain": [
       "key2         1         2         3\n",
       "key1                              \n",
       "a     0.491719  1.506579  1.124372\n",
       "b    -0.331007  1.218174  0.000000\n",
       "c     0.591540  0.000000 -0.295337\n",
       "d     0.000000  0.537636 -0.054230"
      ]
     },
     "metadata": {},
     "output_type": "display_data"
    },
    {
     "data": {
      "text/html": [
       "<div>\n",
       "<style scoped>\n",
       "    .dataframe tbody tr th:only-of-type {\n",
       "        vertical-align: middle;\n",
       "    }\n",
       "\n",
       "    .dataframe tbody tr th {\n",
       "        vertical-align: top;\n",
       "    }\n",
       "\n",
       "    .dataframe thead th {\n",
       "        text-align: right;\n",
       "    }\n",
       "</style>\n",
       "<table border=\"1\" class=\"dataframe\">\n",
       "  <thead>\n",
       "    <tr style=\"text-align: right;\">\n",
       "      <th>key1</th>\n",
       "      <th>a</th>\n",
       "      <th>b</th>\n",
       "      <th>c</th>\n",
       "      <th>d</th>\n",
       "    </tr>\n",
       "    <tr>\n",
       "      <th>key2</th>\n",
       "      <th></th>\n",
       "      <th></th>\n",
       "      <th></th>\n",
       "      <th></th>\n",
       "    </tr>\n",
       "  </thead>\n",
       "  <tbody>\n",
       "    <tr>\n",
       "      <th>1</th>\n",
       "      <td>0.491719</td>\n",
       "      <td>-0.331007</td>\n",
       "      <td>0.591540</td>\n",
       "      <td>0.000000</td>\n",
       "    </tr>\n",
       "    <tr>\n",
       "      <th>2</th>\n",
       "      <td>1.506579</td>\n",
       "      <td>1.218174</td>\n",
       "      <td>0.000000</td>\n",
       "      <td>0.537636</td>\n",
       "    </tr>\n",
       "    <tr>\n",
       "      <th>3</th>\n",
       "      <td>1.124372</td>\n",
       "      <td>0.000000</td>\n",
       "      <td>-0.295337</td>\n",
       "      <td>-0.054230</td>\n",
       "    </tr>\n",
       "  </tbody>\n",
       "</table>\n",
       "</div>"
      ],
      "text/plain": [
       "key1         a         b         c         d\n",
       "key2                                        \n",
       "1     0.491719 -0.331007  0.591540  0.000000\n",
       "2     1.506579  1.218174  0.000000  0.537636\n",
       "3     1.124372  0.000000 -0.295337 -0.054230"
      ]
     },
     "execution_count": 10,
     "metadata": {},
     "output_type": "execute_result"
    }
   ],
   "source": [
    "display(s2.unstack(\"key2\", fill_value=0))\n",
    "s2.unstack(\"key1\", fill_value=0)"
   ]
  },
  {
   "cell_type": "code",
   "execution_count": 15,
   "metadata": {},
   "outputs": [
    {
     "data": {
      "text/html": [
       "<div>\n",
       "<style scoped>\n",
       "    .dataframe tbody tr th:only-of-type {\n",
       "        vertical-align: middle;\n",
       "    }\n",
       "\n",
       "    .dataframe tbody tr th {\n",
       "        vertical-align: top;\n",
       "    }\n",
       "\n",
       "    .dataframe thead th {\n",
       "        text-align: right;\n",
       "    }\n",
       "</style>\n",
       "<table border=\"1\" class=\"dataframe\">\n",
       "  <thead>\n",
       "    <tr style=\"text-align: right;\">\n",
       "      <th>key2</th>\n",
       "      <th>1</th>\n",
       "      <th>2</th>\n",
       "      <th>3</th>\n",
       "    </tr>\n",
       "    <tr>\n",
       "      <th>key1</th>\n",
       "      <th></th>\n",
       "      <th></th>\n",
       "      <th></th>\n",
       "    </tr>\n",
       "  </thead>\n",
       "  <tbody>\n",
       "    <tr>\n",
       "      <th>a</th>\n",
       "      <td>0.491719</td>\n",
       "      <td>1.506579</td>\n",
       "      <td>1.124372</td>\n",
       "    </tr>\n",
       "    <tr>\n",
       "      <th>b</th>\n",
       "      <td>-0.331007</td>\n",
       "      <td>1.218174</td>\n",
       "      <td>0.000000</td>\n",
       "    </tr>\n",
       "    <tr>\n",
       "      <th>c</th>\n",
       "      <td>0.591540</td>\n",
       "      <td>0.000000</td>\n",
       "      <td>-0.295337</td>\n",
       "    </tr>\n",
       "    <tr>\n",
       "      <th>d</th>\n",
       "      <td>0.000000</td>\n",
       "      <td>0.537636</td>\n",
       "      <td>-0.054230</td>\n",
       "    </tr>\n",
       "  </tbody>\n",
       "</table>\n",
       "</div>"
      ],
      "text/plain": [
       "key2         1         2         3\n",
       "key1                              \n",
       "a     0.491719  1.506579  1.124372\n",
       "b    -0.331007  1.218174  0.000000\n",
       "c     0.591540  0.000000 -0.295337\n",
       "d     0.000000  0.537636 -0.054230"
      ]
     },
     "execution_count": 15,
     "metadata": {},
     "output_type": "execute_result"
    }
   ],
   "source": [
    "s3 = s2.unstack(\"key1\", fill_value=0)\n",
    "s3.T              #欄列對調 .T"
   ]
  },
  {
   "cell_type": "code",
   "execution_count": null,
   "metadata": {},
   "outputs": [],
   "source": [
    "frame = pd.DataFrame(np.arange(12).reshape(4,3)),\n",
    "                    index=pd.MultiIndex.from_arrays([[\"a\",\"a\",\"b\",\"b\"],[1,2,1,2]],names=[\"key1\",\"key2\"])"
   ]
  }
 ],
 "metadata": {
  "kernelspec": {
   "display_name": "Python 3",
   "language": "python",
   "name": "python3"
  },
  "language_info": {
   "codemirror_mode": {
    "name": "ipython",
    "version": 3
   },
   "file_extension": ".py",
   "mimetype": "text/x-python",
   "name": "python",
   "nbconvert_exporter": "python",
   "pygments_lexer": "ipython3",
   "version": "3.10.14"
  }
 },
 "nbformat": 4,
 "nbformat_minor": 2
}
